[Name]
Series 1 at PressurePorts

[Data]
X [ m ],Cp [ m s^-1 ]
3.56211931e-001, -2.03411296e-001
3.59661788e-001, -1.89103425e-001
3.63110214e-001, -1.74820349e-001
3.66759926e-001, -1.59613684e-001
3.70408028e-001, -1.44311368e-001
3.74213696e-001, -1.28194690e-001
3.78017694e-001, -1.12033717e-001
3.81935686e-001, -9.53435153e-002
3.85851890e-001, -7.86137506e-002
3.89824003e-001, -6.15303777e-002
3.93794179e-001, -4.43209633e-002
3.97805721e-001, -2.68087033e-002
4.01815295e-001, -9.22825839e-003
4.05822694e-001, 8.43896810e-003
4.09827888e-001, 2.62038969e-002
4.13758993e-001, 4.36706990e-002
4.17687804e-001, 6.11168407e-002
4.21556681e-001, 7.82489181e-002
4.25423235e-001, 9.52437446e-002
4.29201186e-001, 1.11609854e-001
4.32976395e-001, 1.27704993e-001
4.36633974e-001, 1.42914027e-001
4.40288454e-001, 1.57887518e-001
4.43839282e-001, 1.70907557e-001
4.47385222e-001, 1.88264847e-001
4.44537848e-001, 2.29250073e-001
4.41688150e-001, 2.49485880e-001
4.38836426e-001, 2.65101671e-001
4.36001062e-001, 2.76783973e-001
4.33164060e-001, 2.85669535e-001
4.30325717e-001, 2.92260438e-001
4.27347809e-001, 2.97444254e-001
4.24368978e-001, 3.01085502e-001
4.21389431e-001, 3.03315818e-001
4.18265343e-001, 3.04360718e-001
4.15140986e-001, 3.04386109e-001
4.12016511e-001, 3.04062009e-001
4.08892065e-001, 3.03043365e-001
4.05767798e-001, 3.01395416e-001
4.02643830e-001, 2.99232990e-001
3.99520189e-001, 2.96614230e-001
3.96396995e-001, 2.93548584e-001
3.93274307e-001, 2.90071458e-001
3.90152186e-001, 2.86264032e-001
3.87030602e-001, 2.82180309e-001
3.83909643e-001, 2.77834803e-001
3.80789310e-001, 2.73241341e-001
3.77669603e-001, 2.68411726e-001
3.74550551e-001, 2.63350397e-001
3.71432126e-001, 2.58080989e-001
3.68314385e-001, 2.52623260e-001
3.65197271e-001, 2.46986657e-001
3.62080783e-001, 2.41183281e-001
3.58964950e-001, 2.35229671e-001
3.55849713e-001, 2.29134366e-001
3.52735072e-001, 2.22885579e-001
3.49621058e-001, 2.16458797e-001
3.46507609e-001, 2.09834248e-001
3.43394786e-001, 2.03007802e-001
3.40282530e-001, 1.95970014e-001
3.37170839e-001, 1.88703179e-001
3.34059685e-001, 1.81197241e-001
3.30949068e-001, 1.73460200e-001
3.27838898e-001, 1.65517122e-001
3.24729204e-001, 1.57369778e-001
3.21619898e-001, 1.49025261e-001
3.18510950e-001, 1.40498340e-001
3.15402329e-001, 1.31804630e-001
3.12293977e-001, 1.22940324e-001
3.09185892e-001, 1.13890648e-001
3.06078017e-001, 1.04655899e-001
3.02970290e-001, 9.52511281e-002
2.99862683e-001, 8.56860727e-002
2.96755165e-001, 7.59607479e-002
2.93647677e-001, 6.60748482e-002
2.90540159e-001, 5.60354553e-002
2.87432611e-001, 4.58458215e-002
2.84325004e-001, 3.55021097e-002
2.81217247e-001, 2.50063837e-002
2.78109312e-001, 1.43565768e-002
2.75001198e-001, 3.55150970e-003
2.71892846e-001, -7.42151029e-003
2.68784225e-001, -1.85804889e-002
2.65675306e-001, -2.99328044e-002
2.62566060e-001, -4.14834768e-002
2.59456426e-001, -5.32295518e-002
2.56346375e-001, -6.51692599e-002
2.53235877e-001, -7.72963986e-002
2.50124902e-001, -8.95994678e-002
2.47013390e-001, -1.02081701e-001
2.43901327e-001, -1.14746355e-001
2.40788683e-001, -1.27596363e-001
2.37675428e-001, -1.40632942e-001
2.34561518e-001, -1.53854281e-001
2.31446952e-001, -1.67225286e-001
2.28331670e-001, -1.80691913e-001
2.25215673e-001, -1.94174781e-001
2.22098917e-001, -2.07631677e-001
2.18981400e-001, -2.21005470e-001
2.15863109e-001, -2.34228149e-001
2.12744072e-001, -2.47171879e-001
2.09624276e-001, -2.59693533e-001
2.06503764e-001, -2.71682233e-001
2.03382552e-001, -2.83071280e-001
2.00260684e-001, -2.93888450e-001
1.97138235e-001, -3.04167092e-001
1.94015235e-001, -3.13946128e-001
1.90891773e-001, -3.23059142e-001
1.87767923e-001, -3.31220776e-001
1.84643760e-001, -3.38031888e-001
1.81519404e-001, -3.42968047e-001
1.78394943e-001, -3.45587701e-001
1.74876586e-001, -3.47306490e-001
1.71358377e-001, -3.47567111e-001
1.67840481e-001, -3.47065032e-001
1.64519697e-001, -3.44627351e-001
1.61199480e-001, -3.40559304e-001
1.57879919e-001, -3.34978908e-001
1.54581100e-001, -3.27952951e-001
1.51283175e-001, -3.19582164e-001
1.47986203e-001, -3.10002923e-001
1.44719869e-001, -2.99400955e-001
1.41454637e-001, -2.88026631e-001
1.38190523e-001, -2.76210010e-001
1.34966627e-001, -2.64189273e-001
1.31743878e-001, -2.51975805e-001
1.28522277e-001, -2.39691198e-001
1.25350282e-001, -2.27546334e-001
1.22179434e-001, -2.15554684e-001
1.19009741e-001, -2.03865275e-001
1.15898818e-001, -1.92677379e-001
1.12789012e-001, -1.81779325e-001
1.09680362e-001, -1.70997277e-001
1.06639571e-001, -1.60345703e-001
1.03599988e-001, -1.49714783e-001
1.00561649e-001, -1.39232352e-001
9.76000205e-002, -1.29071638e-001
9.46396366e-002, -1.18991517e-001
9.16805938e-002, -1.08872131e-001
8.88069421e-002, -9.87607166e-002
8.59347060e-002, -8.84568542e-002
8.30639675e-002, -7.79195130e-002
8.02870244e-002, -6.73145726e-002
7.75116459e-002, -5.65186515e-002
7.47378841e-002, -4.55961078e-002
7.20659867e-002, -3.47582772e-002
6.93957806e-002, -2.37424560e-002
6.67273626e-002, -1.25152934e-002
6.41686171e-002, -1.21315697e-003
6.16117939e-002, 1.04827387e-002
5.90570085e-002, 2.25765277e-002
5.66193685e-002, 3.48276421e-002
5.41838780e-002, 4.75250557e-002
5.17506935e-002, 6.05663471e-002
4.94416654e-002, 7.36731663e-002
4.71350625e-002, 8.72962400e-002
4.48310748e-002, 1.01368561e-001
4.26579304e-002, 1.15539476e-001
4.04875576e-002, 1.30362719e-001
3.83202396e-002, 1.45751804e-001
3.62900198e-002, 1.61241844e-001
3.42630520e-002, 1.77589655e-001
3.22397351e-002, 1.94722027e-001
3.03593520e-002, 2.12125957e-001
2.84829214e-002, 2.30703503e-001
2.66109183e-002, 2.50273407e-001
2.48872228e-002, 2.70270139e-001
2.31683645e-002, 2.91935444e-001
2.14550029e-002, 3.14989269e-001
1.98947676e-002, 3.38412344e-001
1.83404498e-002, 3.63912255e-001
1.67930424e-002, 3.91182035e-001
1.54029010e-002, 4.19048637e-001
1.40203433e-002, 4.49903548e-001
1.26466723e-002, 4.82750893e-001
1.14335427e-002, 5.15746415e-001
1.02301827e-002, 5.52310526e-001
9.03850142e-003, 5.91300964e-001
8.01008567e-003, 6.31573677e-001
6.99500507e-003, 6.76422119e-001
5.99604845e-003, 7.25188076e-001
5.16119692e-003, 7.72420287e-001
4.34460491e-003, 8.25893104e-001
3.55135743e-003, 8.83221984e-001
2.92125321e-003, 9.36769128e-001
2.31772056e-003, 9.93486464e-001
1.74647465e-003, 1.04841447e+000
1.33208663e-003, 1.09124947e+000
9.52080358e-004, 1.12727785e+000
6.17176760e-004, 1.14293671e+000
4.11194284e-004, 1.13689256e+000
2.39835441e-004, 1.11078131e+000
1.09440669e-004, 1.05718577e+000
5.35317267e-005, 9.97298896e-001
1.63861550e-005, 9.31327641e-001
-1.71443799e-006, 8.63056719e-001
-3.21501875e-006, 8.24457347e-001
-2.64121991e-006, 7.90869713e-001
3.98867206e-016, 7.62086034e-001
2.77981667e-006, 7.40626752e-001
7.01078625e-006, 7.18643486e-001
2.46720156e-005, 6.62741482e-001
5.21577349e-005, 5.81221461e-001
1.18292359e-004, 4.63516891e-001
2.08396537e-004, 3.30573767e-001
3.70696827e-004, 1.79538965e-001
5.69916039e-004, 1.68968271e-002
8.70344113e-004, -1.46047577e-001
1.21277641e-003, -2.94008881e-001
1.67388574e-003, -4.32852060e-001
2.17247754e-003, -5.66628754e-001
2.79620453e-003, -6.64846361e-001
3.44848284e-003, -7.50802040e-001
4.22650296e-003, -8.18217695e-001
5.02687413e-003, -8.71701002e-001
5.95050585e-003, -9.11853671e-001
6.89103454e-003, -9.45982754e-001
7.95224775e-003, -9.71394598e-001
9.02624894e-003, -9.93363082e-001
1.02185318e-002, -1.00743830e+000
1.14202052e-002, -1.01843381e+000
1.27371550e-002, -1.02521920e+000
1.40615739e-002, -1.03066826e+000
1.54985478e-002, -1.03259301e+000
1.69414375e-002, -1.03335917e+000
1.84940025e-002, -1.03170776e+000
2.00512204e-002, -1.03004968e+000
2.17153355e-002, -1.02731466e+000
2.33833641e-002, -1.02482653e+000
2.51553617e-002, -1.02181804e+000
2.69307066e-002, -1.01943517e+000
2.88070478e-002, -1.01678693e+000
3.06862686e-002, -1.01464903e+000
3.26633342e-002, -1.01227915e+000
3.46428752e-002, -1.01043344e+000
3.67169417e-002, -1.00861096e+000
3.87931876e-002, -1.00733352e+000
4.09605019e-002, -1.00619268e+000
4.31297570e-002, -1.00550699e+000
4.53864895e-002, -1.00482655e+000
4.76449206e-002, -1.00446224e+000
4.99870665e-002, -1.00417888e+000
5.23307137e-002, -1.00425816e+000
5.47541939e-002, -1.00454521e+000
5.71790263e-002, -1.00519884e+000
5.96796945e-002, -1.00604713e+000
6.21815734e-002, -1.00721073e+000
6.47551641e-002, -1.00856948e+000
6.73298314e-002, -1.01029623e+000
6.99719861e-002, -1.01224649e+000
7.26151168e-002, -1.01445663e+000
7.53213838e-002, -1.01676035e+000
7.80285224e-002, -1.01913369e+000
8.07943419e-002, -1.02141261e+000
8.35608989e-002, -1.02367747e+000
8.63815695e-002, -1.02600586e+000
8.92028883e-002, -1.02847791e+000
9.20737013e-002, -1.03099537e+000
9.49450806e-002, -1.03354764e+000
9.78612304e-002, -1.03607619e+000
1.00777857e-001, -1.03863120e+000
1.03734463e-001, -1.04124629e+000
1.06691487e-001, -1.04395115e+000
1.09683640e-001, -1.04670560e+000
1.12676144e-001, -1.04950273e+000
1.15698867e-001, -1.05228293e+000
1.18721873e-001, -1.05501842e+000
1.21770144e-001, -1.05768073e+000
1.24818645e-001, -1.06027150e+000
1.27887398e-001, -1.06279957e+000
1.30956337e-001, -1.06534350e+000
1.34040490e-001, -1.06797969e+000
1.37124777e-001, -1.07073534e+000
1.40219256e-001, -1.07358360e+000
1.43313810e-001, -1.07647955e+000
1.46448031e-001, -1.07939076e+000
1.49582282e-001, -1.08231163e+000
1.52724564e-001, -1.08519840e+000
1.55866832e-001, -1.08802795e+000
1.58756375e-001, -1.09079075e+000
1.61645859e-001, -1.09344006e+000
1.64151996e-001, -1.09597433e+000
1.66658059e-001, -1.09836257e+000
1.69016629e-001, -1.10059845e+000
1.71375126e-001, -1.10271966e+000
1.73645109e-001, -1.10477436e+000
1.75914988e-001, -1.10678732e+000
1.78111091e-001, -1.10878420e+000
1.80307075e-001, -1.11075211e+000
1.82458758e-001, -1.11266553e+000
1.84610337e-001, -1.11454153e+000
1.86717585e-001, -1.11640143e+000
1.88824728e-001, -1.11826777e+000
1.90917000e-001, -1.12015438e+000
1.93009153e-001, -1.12208223e+000
1.95071712e-001, -1.12405193e+000
1.97134122e-001, -1.12605822e+000
1.99166924e-001, -1.12809348e+000
2.01199576e-001, -1.13015401e+000
2.03232065e-001, -1.13223970e+000
2.05264390e-001, -1.13434935e+000
2.07267076e-001, -1.13645124e+000
2.09269598e-001, -1.13849235e+000
2.11271927e-001, -1.14034426e+000
2.13274062e-001, -1.14175797e+000
2.15261251e-001, -1.14236772e+000
2.17248246e-001, -1.14236093e+000
2.19235003e-001, -1.14064121e+000
2.21221521e-001, -1.13536799e+000
2.23193079e-001, -1.12405300e+000
2.25164384e-001, -1.10278630e+000
2.27135435e-001, -1.06622612e+000
2.29106188e-001, -1.00951326e+000
2.31091365e-001, -9.32106018e-001
2.33076245e-001, -8.43626142e-001
2.35046118e-001, -7.60971785e-001
2.37015665e-001, -6.94106758e-001
2.38984898e-001, -6.46175206e-001
2.40953788e-001, -6.13386333e-001
2.42922321e-001, -5.92080534e-001
2.44890481e-001, -5.80663860e-001
2.46858269e-001, -5.76283514e-001
2.48825669e-001, -5.75699687e-001
2.50792682e-001, -5.76315701e-001
2.52759278e-001, -5.76753438e-001
2.54740119e-001, -5.75668395e-001
2.56720543e-001, -5.70117056e-001
2.58700520e-001, -5.60955524e-001
2.60680079e-001, -5.50723076e-001
2.62673825e-001, -5.41450858e-001
2.64667124e-001, -5.34178972e-001
2.66659975e-001, -5.28783083e-001
2.68652350e-001, -5.24519622e-001
2.70644248e-001, -5.20534217e-001
2.72635728e-001, -5.16152859e-001
2.74641365e-001, -5.10975242e-001
2.76646525e-001, -5.05008042e-001
2.78665870e-001, -4.98358250e-001
2.80684739e-001, -4.91283417e-001
2.82717764e-001, -4.83901024e-001
2.84750313e-001, -4.76419598e-001
2.86797047e-001, -4.68912482e-001
2.88843274e-001, -4.61540699e-001
2.90903628e-001, -4.54292178e-001
2.92963505e-001, -4.47195351e-001
2.95052081e-001, -4.40051585e-001
2.97140181e-001, -4.32842314e-001
2.99256980e-001, -4.25343335e-001
3.01373243e-001, -4.17633146e-001
3.03503603e-001, -4.09684002e-001
3.05633456e-001, -4.01634514e-001
3.07791919e-001, -3.93451005e-001
3.09949845e-001, -3.85315776e-001
3.12150955e-001, -3.77071321e-001
3.14351529e-001, -3.68870288e-001
3.16609800e-001, -3.60428214e-001
3.18867475e-001, -3.51934046e-001
3.21168214e-001, -3.43168169e-001
3.23468328e-001, -3.34316850e-001
3.25840592e-001, -3.25114846e-001
3.28212142e-001, -3.15896332e-001
3.30670267e-001, -3.06284666e-001
3.33127648e-001, -2.96623379e-001
3.35715115e-001, -2.86344171e-001
3.38301778e-001, -2.76019633e-001
3.41047406e-001, -2.64994234e-001
3.43792170e-001, -2.53989905e-001
3.46768260e-001, -2.42006078e-001
3.49743247e-001, -2.29993016e-001
3.52978230e-001, -2.16745406e-001


