[Name]
Series 1 at PressurePorts

[Data]
X [ m ],Cp [ m s^-1 ]
3.56211931e-001, -2.05014080e-001
3.59661788e-001, -1.90517008e-001
3.63110214e-001, -1.76018164e-001
3.66759926e-001, -1.60531953e-001
3.70408028e-001, -1.44945100e-001
3.74213696e-001, -1.28542691e-001
3.78017694e-001, -1.12121679e-001
3.81935686e-001, -9.51510593e-002
3.85851890e-001, -7.81131387e-002
3.89824003e-001, -6.06484041e-002
3.93794179e-001, -4.29587439e-002
3.97805721e-001, -2.48528942e-002
4.01815295e-001, -6.58823969e-003
4.05822694e-001, 1.18842162e-002
4.09827888e-001, 3.06013692e-002
4.13758993e-001, 4.91355136e-002
4.17687804e-001, 6.77957013e-002
4.21556681e-001, 8.62982646e-002
4.25423235e-001, 1.04845688e-001
4.29201186e-001, 1.22869782e-001
4.32976395e-001, 1.40811816e-001
4.36633974e-001, 1.57891944e-001
4.40288454e-001, 1.75165117e-001
4.43839282e-001, 1.89438745e-001
4.47385222e-001, 2.03973308e-001
4.44537848e-001, 2.53441483e-001
4.41688150e-001, 2.71784365e-001
4.38836426e-001, 2.85972089e-001
4.36001062e-001, 2.96689779e-001
4.33164060e-001, 3.04779857e-001
4.30325717e-001, 3.10733199e-001
4.27347809e-001, 3.15422595e-001
4.24368978e-001, 3.18641454e-001
4.21389431e-001, 3.20367903e-001
4.18265343e-001, 3.20900977e-001
4.15140986e-001, 3.20755750e-001
4.12016511e-001, 3.20156842e-001
4.08892065e-001, 3.18867832e-001
4.05767798e-001, 3.16978455e-001
4.02643830e-001, 3.14615011e-001
3.99520189e-001, 3.11823249e-001
3.96396995e-001, 3.08603525e-001
3.93274307e-001, 3.04991215e-001
3.90152186e-001, 3.01067799e-001
3.87030602e-001, 2.96884298e-001
3.83909643e-001, 2.92445511e-001
3.80789310e-001, 2.87773818e-001
3.77669603e-001, 2.82897592e-001
3.74550551e-001, 2.77805567e-001
3.71432126e-001, 2.72499561e-001
3.68314385e-001, 2.67004639e-001
3.65197271e-001, 2.61350036e-001
3.62080783e-001, 2.55555212e-001
3.58964950e-001, 2.49624029e-001
3.55849713e-001, 2.43546426e-001
3.52735072e-001, 2.37317115e-001
3.49621058e-001, 2.30926350e-001
3.46507609e-001, 2.24362016e-001
3.43394786e-001, 2.17602581e-001
3.40282530e-001, 2.10625306e-001
3.37170839e-001, 2.03423694e-001
3.34059685e-001, 1.95999235e-001
3.30949068e-001, 1.88356638e-001
3.27838898e-001, 1.80501238e-001
3.24729204e-001, 1.72445685e-001
3.21619898e-001, 1.64207742e-001
3.18510950e-001, 1.55803591e-001
3.15402329e-001, 1.47238880e-001
3.12293977e-001, 1.38506517e-001
3.09185892e-001, 1.29599109e-001
3.06078017e-001, 1.20517850e-001
3.02970290e-001, 1.11270703e-001
2.99862683e-001, 1.01867408e-001
2.96755165e-001, 9.23144594e-002
2.93647677e-001, 8.26139227e-002
2.90540159e-001, 7.27687553e-002
2.87432611e-001, 6.27792478e-002
2.84325004e-001, 5.26433401e-002
2.81217247e-001, 4.23604324e-002
2.78109312e-001, 3.19322981e-002
2.75001198e-001, 2.13598274e-002
2.71892846e-001, 1.06344577e-002
2.68784225e-001, -2.64474133e-004
2.65675306e-001, -1.13481833e-002
2.62566060e-001, -2.26240493e-002
2.59456426e-001, -3.40861678e-002
2.56346375e-001, -4.57298197e-002
2.53235877e-001, -5.75490966e-002
2.50124902e-001, -6.95307180e-002
2.47013390e-001, -8.16767514e-002
2.43901327e-001, -9.39892679e-002
2.40788683e-001, -1.06475629e-001
2.37675428e-001, -1.19133785e-001
2.34561518e-001, -1.31968156e-001
2.31446952e-001, -1.44947767e-001
2.28331670e-001, -1.58000857e-001
2.25215673e-001, -1.71053365e-001
2.22098917e-001, -1.84050381e-001
2.18981400e-001, -1.96951762e-001
2.15863109e-001, -2.09703773e-001
2.12744072e-001, -2.22194865e-001
2.09624276e-001, -2.34288365e-001
2.06503764e-001, -2.45866194e-001
2.03382552e-001, -2.56841570e-001
2.00260684e-001, -2.67222166e-001
1.97138235e-001, -2.77027190e-001
1.94015235e-001, -2.86312431e-001
1.90891773e-001, -2.94943690e-001
1.87767923e-001, -3.02694172e-001
1.84643760e-001, -3.09162289e-001
1.81519404e-001, -3.13892126e-001
1.78394943e-001, -3.16394448e-001
1.74876586e-001, -3.18049610e-001
1.71358377e-001, -3.18248272e-001
1.67840481e-001, -3.17770392e-001
1.64519697e-001, -3.15414190e-001
1.61199480e-001, -3.11465234e-001
1.57879919e-001, -3.06065351e-001
1.54581100e-001, -2.99285531e-001
1.51283175e-001, -2.91228533e-001
1.47986203e-001, -2.81990379e-001
1.44719869e-001, -2.71748930e-001
1.41454637e-001, -2.60764688e-001
1.38190523e-001, -2.49339327e-001
1.34966627e-001, -2.37685055e-001
1.31743878e-001, -2.25846142e-001
1.28522277e-001, -2.13942751e-001
1.25350282e-001, -2.02137336e-001
1.22179434e-001, -1.90448523e-001
1.19009741e-001, -1.79057837e-001
1.15898818e-001, -1.68165997e-001
1.12789012e-001, -1.57549843e-001
1.09680362e-001, -1.47045553e-001
1.06639571e-001, -1.36654899e-001
1.03599988e-001, -1.26253337e-001
1.00561649e-001, -1.15982533e-001
9.76000205e-002, -1.06040843e-001
9.46396366e-002, -9.61794406e-002
9.16805938e-002, -8.62705186e-002
8.88069421e-002, -7.63610005e-002
8.59347060e-002, -6.62445724e-002
8.30639675e-002, -5.59091233e-002
8.02870244e-002, -4.55004722e-002
7.75116459e-002, -3.48784104e-002
7.47378841e-002, -2.41344441e-002
7.20659867e-002, -1.34627959e-002
6.93957806e-002, -2.61050137e-003
6.67273626e-002, 8.44191946e-003
6.41686171e-002, 1.95811205e-002
6.16117939e-002, 3.11134923e-002
5.90570085e-002, 4.30390313e-002
5.66193685e-002, 5.51292785e-002
5.41838780e-002, 6.76726103e-002
5.17506935e-002, 8.05553943e-002
4.94416654e-002, 9.35090184e-002
4.71350625e-002, 1.06987752e-001
4.48310748e-002, 1.20899506e-001
4.26579304e-002, 1.34931400e-001
4.04875576e-002, 1.49621218e-001
3.83202396e-002, 1.64852977e-001
3.62900198e-002, 1.80217281e-001
3.42630520e-002, 1.96444944e-001
3.22397351e-002, 2.13408485e-001
3.03593520e-002, 2.30663657e-001
2.84829214e-002, 2.49128133e-001
2.66109183e-002, 2.68572003e-001
2.48872228e-002, 2.88466305e-001
2.31683645e-002, 3.10077906e-001
2.14550029e-002, 3.32978845e-001
1.98947676e-002, 3.56194705e-001
1.83404498e-002, 3.81469399e-001
1.67930424e-002, 4.08653855e-001
1.54029010e-002, 4.37319785e-001
1.40203433e-002, 4.68711913e-001
1.26466723e-002, 5.00077486e-001
1.14335427e-002, 5.31437755e-001
1.02301827e-002, 5.67101598e-001
9.03850142e-003, 6.05178773e-001
8.01008567e-003, 6.44943774e-001
6.99500507e-003, 6.89063132e-001
5.99604845e-003, 7.36826420e-001
5.16119692e-003, 7.83198535e-001
4.34460491e-003, 8.35686564e-001
3.55135743e-003, 8.91648531e-001
2.92125321e-003, 9.43994343e-001
2.31772056e-003, 9.99330282e-001
1.74647465e-003, 1.05229592e+000
1.33208663e-003, 1.09320915e+000
9.52080358e-004, 1.12708724e+000
6.17176760e-004, 1.13938999e+000
4.11194284e-004, 1.13071990e+000
2.39835441e-004, 1.10033929e+000
1.09440669e-004, 1.04338849e+000
5.35317267e-005, 9.79398191e-001
1.63861550e-005, 9.11597729e-001
-1.71443799e-006, 8.41879904e-001
-3.21501875e-006, 7.97888935e-001
-2.64121991e-006, 7.68676043e-001
3.98867206e-016, 7.40023136e-001
2.77981667e-006, 7.14268148e-001
7.01078625e-006, 6.92253351e-001
2.46720156e-005, 6.37168050e-001
5.21577349e-005, 5.45338571e-001
1.18292359e-004, 4.27427977e-001
2.08396537e-004, 2.91099817e-001
3.70696827e-004, 1.40600473e-001
5.69916039e-004, -2.43900642e-002
8.70344113e-004, -1.85813740e-001
1.21277641e-003, -3.35206926e-001
1.67388574e-003, -4.72085297e-001
2.17247754e-003, -6.05004370e-001
2.79620453e-003, -7.02190638e-001
3.44848284e-003, -7.86923587e-001
4.22650296e-003, -8.52987349e-001
5.02687413e-003, -9.07986045e-001
5.95050585e-003, -9.49327230e-001
6.89103454e-003, -9.84493732e-001
7.95224775e-003, -1.01004612e+000
9.02624894e-003, -1.03234875e+000
1.02185318e-002, -1.04597008e+000
1.14202052e-002, -1.05661225e+000
1.27371550e-002, -1.06287074e+000
1.40615739e-002, -1.06799293e+000
1.54985478e-002, -1.06897044e+000
1.69414375e-002, -1.06910098e+000
1.84940025e-002, -1.06627560e+000
2.00512204e-002, -1.06375659e+000
2.17153355e-002, -1.05975521e+000
2.33833641e-002, -1.05606437e+000
2.51553617e-002, -1.05092835e+000
2.69307066e-002, -1.04547417e+000
2.88070478e-002, -1.03742647e+000
3.06862686e-002, -1.02533817e+000
3.26633342e-002, -1.01145828e+000
3.46428752e-002, -1.00458789e+000
3.67169417e-002, -1.00152278e+000
3.87931876e-002, -9.99022961e-001
4.09605019e-002, -9.95992422e-001
4.31297570e-002, -9.93477464e-001
4.53864895e-002, -9.90659595e-001
4.76449206e-002, -9.88530517e-001
4.99870665e-002, -9.86408234e-001
5.23307137e-002, -9.84706223e-001
5.47541939e-002, -9.83176053e-001
5.71790263e-002, -9.82085884e-001
5.96796945e-002, -9.81156826e-001
6.21815734e-002, -9.80669200e-001
6.47551641e-002, -9.80401456e-001
6.73298314e-002, -9.80690122e-001
6.99719861e-002, -9.81292725e-001
7.26151168e-002, -9.82367158e-001
7.53213838e-002, -9.83741462e-001
7.80285224e-002, -9.85373795e-001
8.07943419e-002, -9.87044036e-001
8.35608989e-002, -9.88889754e-001
8.63815695e-002, -9.90937352e-001
8.92028883e-002, -9.93287623e-001
9.20737013e-002, -9.95781243e-001
9.49450806e-002, -9.98385251e-001
9.78612304e-002, -1.00104094e+000
1.00777857e-001, -1.00379562e+000
1.03734463e-001, -1.00664461e+000
1.06691487e-001, -1.00961542e+000
1.09683640e-001, -1.01265287e+000
1.12676144e-001, -1.01573050e+000
1.15698867e-001, -1.01878107e+000
1.18721873e-001, -1.02177930e+000
1.21770144e-001, -1.02466285e+000
1.24818645e-001, -1.02741671e+000
1.27887398e-001, -1.03004384e+000
1.30956337e-001, -1.03263319e+000
1.34040490e-001, -1.03525996e+000
1.37124777e-001, -1.03795338e+000
1.40219256e-001, -1.04068375e+000
1.43313810e-001, -1.04341006e+000
1.46448031e-001, -1.04607964e+000
1.49582282e-001, -1.04869628e+000
1.52724564e-001, -1.05121088e+000
1.55866832e-001, -1.05358791e+000
1.58756375e-001, -1.05588055e+000
1.61645859e-001, -1.05796766e+000
1.64151996e-001, -1.05999553e+000
1.66658059e-001, -1.06181431e+000
1.69016629e-001, -1.06351542e+000
1.71375126e-001, -1.06506312e+000
1.73645109e-001, -1.06654620e+000
1.75914988e-001, -1.06792891e+000
1.78111091e-001, -1.06928778e+000
1.80307075e-001, -1.07058275e+000
1.82458758e-001, -1.07181597e+000
1.84610337e-001, -1.07298601e+000
1.86717585e-001, -1.07412720e+000
1.88824728e-001, -1.07523286e+000
1.90917000e-001, -1.07633257e+000
1.93009153e-001, -1.07743716e+000
1.95071712e-001, -1.07856357e+000
1.97134122e-001, -1.07967913e+000
1.99166924e-001, -1.08077180e+000
2.01199576e-001, -1.08176339e+000
2.03232065e-001, -1.08252537e+000
2.05264390e-001, -1.08288503e+000
2.07267076e-001, -1.08291745e+000
2.09269598e-001, -1.08211505e+000
2.11271927e-001, -1.07964921e+000
2.13274062e-001, -1.07417965e+000
2.15261251e-001, -1.06356442e+000
2.17248246e-001, -1.04424107e+000
2.19235003e-001, -1.01114011e+000
2.21221521e-001, -9.59269643e-001
2.23193079e-001, -8.87432337e-001
2.25164384e-001, -8.01806748e-001
2.27135435e-001, -7.18277514e-001
2.29106188e-001, -6.53512299e-001
2.31091365e-001, -6.13438010e-001
2.33076245e-001, -5.93992949e-001
2.35046118e-001, -5.88358104e-001
2.37015665e-001, -5.88737428e-001
2.38984898e-001, -5.92314303e-001
2.40953788e-001, -5.99565506e-001
2.42922321e-001, -6.06283486e-001
2.44890481e-001, -6.09236360e-001
2.46858269e-001, -6.09537899e-001
2.48825669e-001, -6.06307805e-001
2.50792682e-001, -5.99837065e-001
2.52759278e-001, -5.91675878e-001
2.54740119e-001, -5.83498418e-001
2.56720543e-001, -5.76591671e-001
2.58700520e-001, -5.71339369e-001
2.60680079e-001, -5.67429841e-001
2.62673825e-001, -5.64150751e-001
2.64667124e-001, -5.60805440e-001
2.66659975e-001, -5.56738973e-001
2.68652350e-001, -5.51507354e-001
2.70644248e-001, -5.45000315e-001
2.72635728e-001, -5.37444174e-001
2.74641365e-001, -5.29198587e-001
2.76646525e-001, -5.20772278e-001
2.78665870e-001, -5.12416244e-001
2.80684739e-001, -5.04364550e-001
2.82717764e-001, -4.96565521e-001
2.84750313e-001, -4.89012361e-001
2.86797047e-001, -4.81530935e-001
2.88843274e-001, -4.74062800e-001
2.90903628e-001, -4.66442347e-001
2.92963505e-001, -4.58668083e-001
2.95052081e-001, -4.50598687e-001
2.97140181e-001, -4.42380786e-001
2.99256980e-001, -4.33929741e-001
3.01373243e-001, -4.25462127e-001
3.03503603e-001, -4.16971505e-001
3.05633456e-001, -4.08553213e-001
3.07791919e-001, -4.00070995e-001
3.09949845e-001, -3.91630977e-001
3.12150955e-001, -3.83031160e-001
3.14351529e-001, -3.74435157e-001
3.16609800e-001, -3.65570992e-001
3.18867475e-001, -3.56702685e-001
3.21168214e-001, -3.47624838e-001
3.23468328e-001, -3.38531613e-001
3.25840592e-001, -3.29107344e-001
3.28212142e-001, -3.19658309e-001
3.30670267e-001, -3.09773594e-001
3.33127648e-001, -2.99832791e-001
3.35715115e-001, -2.89270937e-001
3.38301778e-001, -2.78720319e-001
3.41047406e-001, -2.67493725e-001
3.43792170e-001, -2.56322950e-001
3.46768260e-001, -2.44145781e-001
3.49743247e-001, -2.31951192e-001
3.52978230e-001, -2.18509063e-001


